-nan,0.751004,0.751004,0,19.7472,19.7472,-nan,9045.56,9045.56,-nan,3.00207,3.00207,-nan,9048.56,9048.56,-nan,425.74,425.74,-nan,416.725,416.725,1,10,1500,6,2,20,20,5,0.1,0,0,0,15,6,15,6,15,6,15,6,15,6,15,6,15,6,15,6
-nan,0.721841,0.721841,0,38.9136,38.9136,-nan,8708.19,8708.19,-nan,1.52684,1.52684,-nan,8709.72,8709.72,-nan,187.346,187.346,-nan,185.015,185.015,1,10,1500,6,4,20,20,5,0.1,0,0,0,15,6,15,6,15,6,15,6,15,6,15,6,15,6,15,6
-nan,0.741176,0.741176,0,79.38,79.38,-nan,8193.34,8193.34,-nan,0.745664,0.745664,-nan,8194.09,8194.09,-nan,269.287,269.287,-nan,268.731,268.731,1,10,1500,6,8,20,20,5,0.1,0,0,0,15,6,15,6,15,6,15,6,15,6,15,6,15,6,15,6
0.738446,0.740611,0.738981,59.3232,19.5228,78.846,8035.99,8378.53,8120.8,1.00439,3.01371,1.50191,8036.99,8381.55,8122.31,175.997,469.999,248.794,174.988,460.914,245.785,1,10,1500,6,2,20,20,5,0.1,0.7,0,0,15,6,15,6,15,6,15,6,15,6,15,6,15,6,15,6
0.734829,0.739,0.735864,58.7928,19.5096,78.3024,7131.03,8893.06,7570.05,0.994475,3.04318,1.50493,7132.02,8896.11,7571.56,131.335,371.066,191.066,130.346,361.802,188.015,1,10,1500,6,2,20,20,5,0.1,0.4,0,0,15,6,15,6,15,6,15,6,15,6,15,6,15,6,15,6
0.729798,0.736578,0.731464,58.956,19.3776,78.3336,7869.11,8600.6,8050.06,1.0063,3.04999,1.51185,7870.12,8603.65,8051.57,132.953,397.448,198.382,131.94,388.143,195.318,1,10,1500,6,2,20,20,5,0.1,0.6,0,0,15,6,15,6,15,6,15,6,15,6,15,6,15,6,15,6
0.747972,0.748374,0.748071,60.18,19.7472,79.9272,8337.32,6526.48,7889.93,0.986336,3.0056,1.48522,8338.31,6529.49,7891.41,123.213,526.919,222.955,122.24,517.883,219.99,1,10,1500,6,2,20,20,5,0.1,0.9,0,0,15,6,15,6,15,6,15,6,15,6,15,6,15,6,15,6
0.733198,0.736,0.733892,58.752,19.4304,78.1824,8168.37,7911.67,8104.57,0.998265,3.04857,1.50782,8169.36,7914.72,8106.08,214.728,344.071,246.873,213.732,334.774,243.814,1,10,1500,6,2,20,20,5,0.1,0.8,0,0,15,6,15,6,15,6,15,6,15,6,15,6,15,6,15,6
0.738446,0.735132,0.737626,59.3232,19.4172,78.7404,7621.31,8785.65,7908.43,0.999024,3.04597,1.50379,7622.31,8788.7,7909.94,141.71,389.318,202.77,140.712,380.037,199.729,1,10,1500,6,2,20,20,5,0.1,0.5,0,0,15,6,15,6,15,6,15,6,15,6,15,6,15,6,15,6
0.732763,0.721975,0.730088,59.4048,19.2984,78.7032,5075.18,8978.29,6032.24,1.00232,3.08365,1.51268,5076.18,8981.37,6033.75,432.994,352.848,413.342,431.99,343.336,410.251,1,10,1500,6,2,20,20,5,0.1,0.2,0,0,15,6,15,6,15,6,15,6,15,6,15,6,15,6,15,6
0.748362,0.72551,0.742639,59.4696,19.2588,78.7284,1112.06,8999.05,3041.4,0.985638,3.07852,1.49761,1113.04,9002.12,3042.89,119.95,617.981,241.78,118.979,608.501,238.727,1,10,1500,6,2,20,20,5,0.1,0.1,0,0,15,6,15,6,15,6,15,6,15,6,15,6,15,6,15,6
0.726215,0.72093,0.724901,58.548,19.2324,77.7804,6555.73,8934.04,7143.8,1.01359,3.08314,1.52532,6556.74,8937.12,7145.32,199.561,472.156,266.964,198.533,462.647,263.84,1,10,1500,6,2,20,20,5,0.1,0.3,0,0,15,6,15,6,15,6,15,6,15,6,15,6,15,6,15,6
0.734756,0.713307,0.726135,58.9968,38.4912,97.488,6554.81,8520.98,7331.11,1.00952,1.53588,1.21734,6555.82,8522.51,7332.33,175.966,156.852,168.419,174.947,154.492,166.871,1,10,1500,6,4,20,20,5,0.1,0.3,0,0,15,6,15,6,15,6,15,6,15,6,15,6,15,6,15,6
0.740161,0.729197,0.73579,59.8536,39.0984,98.952,8103.66,7489.43,7860.96,0.9982,1.52017,1.20444,8104.66,7490.95,7862.16,120.175,190.59,147.998,119.179,188.279,146.482,1,10,1500,6,4,20,20,5,0.1,0.7,0,0,15,6,15,6,15,6,15,6,15,6,15,6,15,6,15,6
0.724207,0.730198,0.726584,58.7112,38.94,97.6512,8395.54,3758.25,6546.35,0.999953,1.51848,1.20672,8396.54,3759.77,6547.55,123.467,296.886,192.62,122.467,294.579,191.1,1,10,1500,6,4,20,20,5,0.1,0.9,0,0,15,6,15,6,15,6,15,6,15,6,15,6,15,6,15,6
0.716867,0.734058,0.723684,58.2624,39.204,97.4664,7632.72,8224.63,7870.81,1.01448,1.52198,1.21861,7633.74,8226.15,7872.02,139.722,192.377,160.902,138.693,190.06,159.355,1,10,1500,6,4,20,20,5,0.1,0.5,0,0,15,6,15,6,15,6,15,6,15,6,15,6,15,6,15,6
0.734319,0.726555,0.731208,58.752,38.8608,97.6128,7924.07,7924.32,7924.17,0.999964,1.52085,1.20734,7925.07,7925.84,7925.37,129.71,276.381,188.101,128.71,274.068,186.578,1,10,1500,6,4,20,20,5,0.1,0.6,0,0,15,6,15,6,15,6,15,6,15,6,15,6,15,6,15,6
0.729757,0.7182,0.725123,58.8336,38.7552,97.5888,5101.39,8625.15,6500.77,1.00267,1.53007,1.21211,5102.39,8626.68,6501.98,262.857,192.684,234.989,261.852,190.342,233.453,1,10,1500,6,4,20,20,5,0.1,0.2,0,0,15,6,15,6,15,6,15,6,15,6,15,6,15,6,15,6
0.725025,0.736686,0.72967,58.6296,39.4416,98.0712,7194.04,8356.14,7661.41,1.01392,1.50645,1.212,7195.05,8357.65,7662.62,188.357,311.214,237.767,187.329,308.945,236.24,1,10,1500,6,4,20,20,5,0.1,0.4,0,0,15,6,15,6,15,6,15,6,15,6,15,6,15,6,15,6
0.733333,0.71998,0.72798,58.7928,38.6232,97.416,8209.13,6598.38,7570.51,1.00615,1.53453,1.21564,8210.14,6599.92,7571.72,142.094,214.732,170.894,141.082,212.377,169.349,1,10,1500,6,4,20,20,5,0.1,0.8,0,0,15,6,15,6,15,6,15,6,15,6,15,6,15,6,15,6
0.718692,0.721383,0.719775,57.8544,39.0984,96.9528,1172.84,8731.18,4220.91,1.02474,1.5206,1.22471,1173.87,8732.71,4222.14,117.674,209.006,154.506,116.624,206.694,152.947,1,10,1500,6,4,20,20,5,0.1,0.1,0,0,15,6,15,6,15,6,15,6,15,6,15,6,15,6,15,6
0.743629,0.720581,0.730418,59.5272,77.4648,136.992,7871.91,6528.66,7112.34,0.999247,0.768879,0.868981,7872.91,6529.43,7113.21,194.303,90.3013,135.493,193.304,89.7101,134.725,1,10,1500,6,8,20,20,5,0.1,0.6,0,0,15,6,15,6,15,6,15,6,15,6,15,6,15,6,15,6
0.718954,0.734309,0.727679,58.344,78.4224,136.766,7231.33,7416.74,7337.65,0.979236,0.75879,0.852831,7232.31,7417.5,7338.5,119.471,85.353,99.9074,118.512,84.7772,99.1682,1,10,1500,6,8,20,20,5,0.1,0.4,0,0,15,6,15,6,15,6,15,6,15,6,15,6,15,6,15,6
0.743408,0.723414,0.731947,59.8128,78.1704,137.983,8022.98,5591.11,6645.27,0.972768,0.7614,0.853024,8023.95,5591.87,6646.13,288.679,85.3934,173.513,287.733,84.8136,172.775,1,10,1500,6,8,20,20,5,0.1,0.7,0,0,15,6,15,6,15,6,15,6,15,6,15,6,15,6,15,6
0.726491,0.749644,0.739641,58.6296,79.5312,138.161,5128.71,7905.58,6727.19,0.99954,0.742406,0.851523,5129.71,7906.32,6728.05,171.822,198.997,187.465,170.823,198.445,186.724,1,10,1500,6,8,20,20,5,0.1,0.2,0,0,15,6,15,6,15,6,15,6,15,6,15,6,15,6,15,6
0.716508,0.737488,0.728417,58.2624,78.7248,136.987,6630.95,7705.79,7248.64,1.02302,0.749417,0.865783,6631.97,7706.54,7249.51,145.685,102.548,120.895,144.639,101.986,120.127,1,10,1500,6,8,20,20,5,0.1,0.3,0,0,15,6,15,6,15,6,15,6,15,6,15,6,15,6,15,6
0.733934,0.705009,0.717335,59.2188,76.608,135.827,1041.9,8048.77,4993.86,0.994599,0.77684,0.87178,1042.89,8049.55,4994.73,216.937,81.275,140.422,215.947,80.6715,139.65,1,10,1500,6,8,20,20,5,0.1,0.1,0,0,15,6,15,6,15,6,15,6,15,6,15,6,15,6,15,6
0.74151,0.730099,0.734998,59.6904,78.12,137.81,8240.43,3658.58,5643.13,1.00018,0.752903,0.860006,8241.43,3659.33,5643.99,132.821,88.6432,107.778,131.82,88.0763,107.023,1,10,1500,6,8,20,20,5,0.1,0.8,0,0,15,6,15,6,15,6,15,6,15,6,15,6,15,6,15,6
0.718971,0.721935,0.720661,58.14,77.4648,135.605,7610.62,7117.35,7328.83,1.01829,0.758689,0.869993,7611.63,7118.11,7329.7,131.946,79.8962,102.212,130.909,79.3206,101.439,1,10,1500,6,8,20,20,5,0.1,0.5,0,0,15,6,15,6,15,6,15,6,15,6,15,6,15,6,15,6
0.710116,0.730392,0.72081,57.5688,66.0876,123.656,8387.41,22.2528,3916.69,1.03407,0.867702,0.945154,8388.44,23.1205,3917.63,127.817,29.4221,75.2301,126.747,28.6691,74.3299,1,10,1500,6,8,20,20,5,0.1,0.9,0,0,15,6,15,6,15,6,15,6,15,6,15,6,15,6,15,6
