1,1,1,0.3492,0.384,0.7332,0,0,0,0.258364,0.257876,0.258109,0.258364,0.257876,0.258109,0.0688637,0.0681596,0.0684949,0.000964643,0.000620303,0.000784302,1,10,1500,6,6,20,20,5,0.0001,0.5,0,0,15,6,15,6,15,6,15,6,15,6,15,6,15,6,15,6
1,1,1,1.0656,1.0404,2.106,0.000231635,0.000557166,0.000392453,0.262886,0.261267,0.262086,0.263118,0.261825,0.262479,0.0707774,0.0693761,0.0700851,0.00127916,0.000721722,0.00100378,1,10,1500,6,6,20,20,5,0.000316228,0.5,0,0,15,6,15,6,15,6,15,6,15,6,15,6,15,6,15,6
1,1,1,0.6168,0.7056,1.3224,4.28288e-05,9.17874e-05,6.89519e-05,0.256497,0.260543,0.258656,0.25654,0.260635,0.258725,0.0674646,0.0704253,0.0690443,0.00039368,0.00138821,0.000924336,1,10,1500,6,6,20,20,10,0.0001,0.5,0,0,15,6,15,6,15,6,15,6,15,6,15,6,15,6,15,6
1,1,1,0.9468,1.0236,1.9704,0.000194948,0.00024354,0.000220191,0.260242,0.261705,0.261002,0.260437,0.261949,0.261223,0.0706078,0.0714879,0.071065,0.00159415,0.0017938,0.00169787,1,10,1500,6,6,20,20,15,0.0001,0.5,0,0,15,6,15,6,15,6,15,6,15,6,15,6,15,6,15,6
0.997083,0.998582,0.997843,3.282,3.3792,6.6612,0.00260274,0.0023385,0.00246869,0.27375,0.274012,0.273883,0.276353,0.27635,0.276352,0.0797561,0.0795359,0.0796444,0.00467976,0.00432009,0.0044973,1,10,1500,6,6,20,20,5,0.001,0.5,0,0,15,6,15,6,15,6,15,6,15,6,15,6,15,6,15,6
0.997691,0.996672,0.997171,2.0736,2.1564,4.23,0.000406138,0.000933142,0.000674798,0.268868,0.271305,0.27011,0.269274,0.272238,0.270785,0.0758489,0.0781378,0.0770158,0.00314078,0.00412204,0.00364101,1,10,1500,6,6,20,20,10,0.000316228,0.5,0,0,15,6,15,6,15,6,15,6,15,6,15,6,15,6,15,6
1,1,1,1.2972,1.3524,2.6496,0,0.000207829,0.000106079,0.260981,0.265072,0.263069,0.260981,0.265279,0.263175,0.0708505,0.0745919,0.0727602,0.00147939,0.00308203,0.0022974,1,10,1500,6,6,20,20,20,0.0001,0.5,0,0,15,6,15,6,15,6,15,6,15,6,15,6,15,6,15,6
0.734478,0.728101,0.731294,59.364,58.6704,118.034,4042.29,4044.05,4043.16,0.986864,0.999316,0.993054,4043.27,4045.05,4044.15,108.507,139.357,123.841,107.533,138.358,122.855,1,10,1500,6,6,20,20,5,0.0316228,0.5,0,0,15,6,15,6,15,6,15,6,15,6,15,6,15,6,15,6
0.998525,0.998522,0.998523,1.6248,1.6212,3.246,0.00048434,0.000159312,0.000322006,0.265928,0.262461,0.264196,0.266412,0.26262,0.264518,0.0754183,0.0722357,0.0738288,0.00339503,0.00207528,0.00273589,1,10,1500,6,6,20,20,25,0.0001,0.5,0,0,15,6,15,6,15,6,15,6,15,6,15,6,15,6,15,6
0.998457,0.997052,0.997738,3.1056,3.2472,6.3528,0.00102562,0.000553646,0.000784371,0.273181,0.275573,0.274404,0.274207,0.276127,0.275188,0.079316,0.0815822,0.0804744,0.00425559,0.00522079,0.00474895,1,10,1500,6,6,20,20,15,0.000316228,0.5,0,0,15,6,15,6,15,6,15,6,15,6,15,6,15,6,15,6
0.986303,0.987571,0.986937,10.4556,10.488,20.9436,0.0151553,0.0131574,0.0141548,0.325045,0.321554,0.323297,0.340201,0.334712,0.337452,0.136261,0.13117,0.133711,0.0305454,0.0277138,0.0291274,1,10,1500,6,6,20,20,5,0.00316228,0.5,0,0,15,6,15,6,15,6,15,6,15,6,15,6,15,6,15,6
0.729934,0.730808,0.730371,58.9968,59.0376,118.034,7593.28,7536.43,7564.84,1.01113,0.979967,0.995543,7594.29,7537.41,7565.84,167.523,220.962,194.252,166.5,220.002,193.26,1,10,1500,6,6,20,20,5,0.1,0.5,0,0,15,6,15,6,15,6,15,6,15,6,15,6,15,6,15,6
0.632643,0.626108,0.629374,52.3464,51.8568,104.203,7096.58,7097.88,7097.23,2.13584,2.14267,2.13924,7098.72,7100.02,7099.36,1639.14,1136.86,1389.18,1634.58,1132.27,1384.6,1,10,1500,6,6,20,20,10,0.0316228,0.5,0,0,15,6,15,6,15,6,15,6,15,6,15,6,15,6,15,6
0.993506,0.994734,0.994118,6.6096,6.5736,13.1832,0.00331132,0.00303574,0.00317391,0.297739,0.298493,0.298115,0.301051,0.301529,0.301289,0.102429,0.104384,0.103404,0.0136195,0.0151234,0.0143694,1,10,1500,6,6,20,20,10,0.001,0.5,0,0,15,6,15,6,15,6,15,6,15,6,15,6,15,6,15,6
1,1,1,1.9944,2.0772,4.0716,0.000378119,0,0.000185215,0.265839,0.264212,0.265009,0.266217,0.264212,0.265194,0.0748823,0.0733704,0.074111,0.00293656,0.00235235,0.00263851,1,10,1500,6,6,20,20,30,0.0001,0.5,0,0,15,6,15,6,15,6,15,6,15,6,15,6,15,6,15,6
0.649295,0.625717,0.637308,52.2672,52.0932,104.36,2108.89,2181.63,2145.2,2.16018,2.15218,2.15619,2111.05,2183.78,2147.35,1326.94,1363.16,1345.02,1322.27,1358.53,1340.37,1,10,1500,6,6,20,20,10,0.01,0.5,0,0,15,6,15,6,15,6,15,6,15,6,15,6,15,6,15,6
0.997708,0.99372,0.995711,4.1796,4.1772,8.3568,0.000384678,0.00038381,0.000384244,0.278422,0.283778,0.281099,0.278806,0.284162,0.281483,0.0848397,0.0903407,0.0875894,0.00687595,0.00934801,0.00811163,1,10,1500,6,6,20,20,20,0.000316228,0.5,0,0,15,6,15,6,15,6,15,6,15,6,15,6,15,6,15,6
0.732279,0.738313,0.735302,58.5888,59.2824,117.871,8779.6,8744.47,8761.93,1.01353,1.00464,1.00906,8780.61,8745.47,8762.94,148.983,160.138,154.593,147.955,159.128,153.575,1,10,1500,6,6,20,20,5,0.316228,0.5,0,0,15,6,15,6,15,6,15,6,15,6,15,6,15,6,15,6
0.585222,0.561624,0.573311,48.4704,47.4096,95.88,8061.68,8067.74,8064.68,3.36254,3.46895,3.41516,8065.04,8071.21,8068.09,4207.17,2628.55,3426.59,4195.86,2616.51,3414.92,1,10,1500,6,6,20,20,15,0.0316228,0.5,0,0,15,6,15,6,15,6,15,6,15,6,15,6,15,6,15,6
0.622734,0.64645,0.634554,51.8568,53.4888,105.346,8725.76,8716.97,8721.29,2.05919,2.12754,2.0939,8727.81,8719.1,8723.39,1043.47,1337.5,1192.76,1039.23,1332.97,1188.38,1,10,1500,6,6,20,20,10,0.1,0.5,0,0,15,6,15,6,15,6,15,6,15,6,15,6,15,6,15,6
0.568279,0.558324,0.563288,47.6952,47.1156,94.8108,4468.76,4868.73,4667.52,3.32301,3.50614,3.41401,4472.08,4872.24,4670.94,2833.99,3103.57,2967.96,2822.94,3091.27,2956.29,1,10,1500,6,6,20,20,15,0.01,0.5,0,0,15,6,15,6,15,6,15,6,15,6,15,6,15,6,15,6
0.527184,0.535775,0.531467,44.3088,44.7576,89.0664,5916.2,6149.14,6033.26,4.51347,4.28894,4.40064,5920.72,6153.43,6037.66,4462.38,4968.94,4716.94,4442,4950.53,4697.55,1,10,1500,6,6,20,20,20,0.01,0.5,0,0,15,6,15,6,15,6,15,6,15,6,15,6,15,6,15,6
0.88718,0.891662,0.889408,33.2352,33.0072,66.2424,0.532785,0.517271,0.525054,0.689468,0.674711,0.682115,1.22225,1.19198,1.20717,1.61561,1.56988,1.59283,1.14016,1.11456,1.12741,1,10,1500,6,6,20,20,5,0.01,0.5,0,0,15,6,15,6,15,6,15,6,15,6,15,6,15,6,15,6
0.562831,0.554067,0.558435,47.6952,47.2464,94.9416,9101.16,9119.35,9110.21,3.31977,3.41409,3.3667,9104.48,9122.76,9113.58,2582.95,3105.3,2842.89,2571.92,3093.64,2831.55,1,10,1500,6,6,20,20,15,0.1,0.5,0,0,15,6,15,6,15,6,15,6,15,6,15,6,15,6,15,6
0.518038,0.509837,0.513935,43.9416,43.2888,87.2304,8348.53,8496.67,8422.04,4.76703,4.94987,4.85777,8353.29,8501.62,8426.9,6632.89,5864.71,6251.67,6610.15,5840.2,6228.06,1,10,1500,6,6,20,20,20,0.0316228,0.5,0,0,15,6,15,6,15,6,15,6,15,6,15,6,15,6,15,6
0.994391,0.996373,0.995377,5.3184,5.274,10.5924,0.00114584,0.000689487,0.00091862,0.289081,0.28828,0.288682,0.290227,0.28897,0.289601,0.0952796,0.0930696,0.0941792,0.0112403,0.00949149,0.0103696,1,10,1500,6,6,20,20,25,0.000316228,0.5,0,0,15,6,15,6,15,6,15,6,15,6,15,6,15,6,15,6
0.983424,0.985841,0.984634,9.9672,10.026,19.9932,0.00490696,0.00397158,0.0044379,0.331319,0.326575,0.32894,0.336226,0.330547,0.333378,0.147014,0.136629,0.141806,0.0370432,0.0297866,0.0334043,1,10,1500,6,6,20,20,15,0.001,0.5,0,0,15,6,15,6,15,6,15,6,15,6,15,6,15,6,15,6
0.492316,0.515005,0.503611,41.8608,43.4112,85.272,6878.35,6840.72,6859.19,5.58816,5.29631,5.43958,6883.93,6846.01,6864.63,7163.06,7301.08,7233.32,7131.81,7273,7203.69,1,10,1500,6,6,20,20,25,0.01,0.5,0,0,15,6,15,6,15,6,15,6,15,6,15,6,15,6,15,6
0.497827,0.517871,0.507771,42.0648,43.0848,85.1496,8679.36,8701.33,8690.48,5.32462,5.41522,5.37046,8684.68,8706.74,8695.85,7361.22,8743.63,8060.7,7332.84,8714.28,8031.84,1,10,1500,6,6,20,20,25,0.0316228,0.5,0,0,15,6,15,6,15,6,15,6,15,6,15,6,15,6,15,6
0.623224,0.631345,0.627273,51.8976,52.2648,104.162,9364.18,9399.64,9381.97,2.14434,2.1471,2.14572,9366.32,9401.79,9384.12,1332.65,924.208,1127.71,1328.05,919.597,1123.1,1,10,1500,6,6,20,20,10,0.316228,0.5,0,0,15,6,15,6,15,6,15,6,15,6,15,6,15,6,15,6
0.516252,0.54037,0.528206,44.064,45.3288,89.3928,9236.78,9214.69,9225.58,4.5207,4.78787,4.65617,9241.3,9219.48,9230.24,6137.64,7518.59,6837.88,6117.19,7495.65,6816.17,1,10,1500,6,6,20,20,20,0.1,0.5,0,0,15,6,15,6,15,6,15,6,15,6,15,6,15,6,15,6
0.475298,0.48435,0.479779,40.188,40.1472,80.3352,7119.81,7214.78,7167.27,6.93524,6.23196,6.58378,7126.74,7221.01,7173.85,11061.6,12951.5,12006.1,11013.4,12912.6,11962.5,1,10,1500,6,6,20,20,30,0.01,0.5,0,0,15,6,15,6,15,6,15,6,15,6,15,6,15,6,15,6
0.499773,0.492486,0.496132,40.9896,40.3464,81.336,2118.28,2143.26,2130.67,6.03477,6.14057,6.08725,2124.31,2149.4,2136.76,9488.16,8028.91,8764.31,9451.72,7991.18,8727.22,1,10,1500,6,6,20,20,25,0.00316228,0.5,0,0,15,6,15,6,15,6,15,6,15,6,15,6,15,6,15,6
0.993622,0.99027,0.991928,6.3564,6.4728,12.8292,0.00106693,0.000778352,0.000921331,0.294132,0.29788,0.296023,0.295199,0.298658,0.296944,0.0999491,0.105229,0.102613,0.0129455,0.0160035,0.0144884,1,10,1500,6,6,20,20,30,0.000316228,0.5,0,0,15,6,15,6,15,6,15,6,15,6,15,6,15,6,15,6
0.544785,0.477193,0.509995,40.9308,38.0256,78.9564,635.44,853.124,740.277,4.95615,5.78352,5.35461,640.396,858.907,745.632,3039.16,4632.11,3806.33,3014.58,4598.64,3777.46,1,10,1500,6,6,20,20,20,0.00316228,0.5,0,0,15,6,15,6,15,6,15,6,15,6,15,6,15,6,15,6
0.941083,0.947703,0.944369,21.4296,21.2676,42.6972,0.0553211,0.0579428,0.056627,0.490109,0.482385,0.486262,0.545431,0.540328,0.542889,0.507656,0.501683,0.504681,0.267314,0.268857,0.268082,1,10,1500,6,6,20,20,10,0.00316228,0.5,0,0,15,6,15,6,15,6,15,6,15,6,15,6,15,6,15,6
0.510274,0.471429,0.490827,42.5544,39.4128,81.9672,8821.66,8838.08,8829.56,5.85886,7.15475,6.48197,8827.52,8845.24,8836.04,8351.7,11569.2,9898.77,8317.35,11517.9,9856.3,1,10,1500,6,6,20,20,30,0.0316228,0.5,0,0,15,6,15,6,15,6,15,6,15,6,15,6,15,6,15,6
0.467303,0.493326,0.48031,39.4716,41.6424,81.114,2809.38,3131.64,2974.82,6.92737,6.12401,6.51494,2816.31,3137.76,2981.34,9943.74,10242.7,10097.2,9895.71,10205.1,10054.6,1,10,1500,6,6,20,20,30,0.00316228,0.5,0,0,15,6,15,6,15,6,15,6,15,6,15,6,15,6,15,6
0.506303,0.498316,0.502284,42.5544,42.432,84.9864,9230.37,9410.78,9320.44,5.26627,5.67856,5.47212,9235.63,9416.45,9325.91,7018.64,8053.17,7535.16,6990.88,8020.9,7505.15,1,10,1500,6,6,20,20,25,0.1,0.5,0,0,15,6,15,6,15,6,15,6,15,6,15,6,15,6,15,6
0.586745,0.574029,0.580416,49.1232,47.6136,96.7368,9275.87,9389.32,9331.71,3.08862,3.39489,3.23937,9278.96,9392.72,9334.95,2577.17,2462.15,2520.56,2567.63,2450.62,2510.04,1,10,1500,6,6,20,20,15,0.316228,0.5,0,0,15,6,15,6,15,6,15,6,15,6,15,6,15,6,15,6
0.975826,0.97612,0.975972,13.3692,13.146,26.5152,0.0076346,0.00771177,0.00767286,0.372159,0.366114,0.369162,0.379794,0.373826,0.376835,0.212914,0.195084,0.204074,0.074163,0.0608004,0.0675379,1,10,1500,6,6,20,20,20,0.001,0.5,0,0,15,6,15,6,15,6,15,6,15,6,15,6,15,6,15,6
0.482487,0.47202,0.477281,41.0448,39.7392,80.784,9339.46,9195.34,9268.56,5.9526,6.8247,6.3816,9345.41,9202.16,9274.94,9580.63,12095.7,10817.8,9545.17,12049.1,10776.9,1,10,1500,6,6,20,20,30,0.1,0.5,0,0,15,6,15,6,15,6,15,6,15,6,15,6,15,6,15,6
0.521234,0.519286,0.520259,44.0232,43.9416,87.9648,9478.56,9444.9,9461.75,4.89453,4.54263,4.71874,9483.45,9449.45,9466.46,5532.52,6012.63,5772.35,5508.55,5991.98,5750.04,1,10,1500,6,6,20,20,20,0.316228,0.5,0,0,15,6,15,6,15,6,15,6,15,6,15,6,15,6,15,6
0.963126,0.963587,0.963357,16.8,16.8936,33.6936,0.00813153,0.0083358,0.00823395,0.410158,0.416524,0.41335,0.41829,0.42486,0.421584,0.272944,0.282122,0.277546,0.104414,0.108322,0.106373,1,10,1500,6,6,20,20,25,0.001,0.5,0,0,15,6,15,6,15,6,15,6,15,6,15,6,15,6,15,6
0.764777,0.784389,0.774435,31.9068,31.7508,63.6576,1.56503,1.23049,1.39817,1.44901,1.35135,1.4003,3.01405,2.58184,2.79847,15.8808,12.3755,14.1325,13.78,10.5484,12.1681,1,10,1500,6,6,20,20,15,0.00316228,0.5,0,0,15,6,15,6,15,6,15,6,15,6,15,6,15,6,15,6
0.510402,0.495694,0.503007,43.044,42.2688,85.3128,9370.93,9600.94,9484.89,5.32578,5.47613,5.40027,9376.25,9606.42,9490.29,7941.47,8029.89,7985.28,7913.09,7999.88,7956.09,1,10,1500,6,6,20,20,25,0.316228,0.5,0,0,15,6,15,6,15,6,15,6,15,6,15,6,15,6,15,6
0.471127,0.482039,0.476557,39.984,40.5144,80.4984,9478.09,9380.73,9429.09,6.70683,6.67175,6.68918,9484.8,9387.4,9435.78,11828.9,10344.8,11082,11783.9,10300.3,11037.2,1,10,1500,6,6,20,20,30,0.316228,0.5,0,0,15,6,15,6,15,6,15,6,15,6,15,6,15,6,15,6
0.941564,0.946042,0.943808,19.9152,20.0928,40.008,0.0150059,0.0154482,0.015228,0.49329,0.492163,0.492724,0.508295,0.507611,0.507952,0.534858,0.48338,0.509005,0.291084,0.240722,0.265791,1,10,1500,6,6,20,20,30,0.001,0.5,0,0,15,6,15,6,15,6,15,6,15,6,15,6,15,6,15,6
